0.0 -2.146e-05 0.00010433000000000001 1.02263 0.0 -2.2530000000000003e-05 0.00010601
0.0 -2.0920000000000003e-05 0.00010352 1.03995 0.0 -2.306e-05 0.00010686
0.0 -2.04e-05 0.00010271 1.07069 0.0 -2.36e-05 0.0001077
0.0 -1.988e-05 0.00010189 1.098 0.0 -2.4140000000000003e-05 0.00010855
0.0 -1.7330000000000002e-05 9.791e-05 1.06037 0.0 -2.736e-05 0.00011361
0.0 -1.5360000000000002e-05 0.00010768 0.99414 0.0 -1.616e-05 0.00010948
0.0 -1.4959999999999999e-05 0.00010680000000000001 1.02586 0.0 -1.6559999999999997e-05 0.0001104
0.0 -1.458e-05 0.00010591000000000001 1.06056 0.0 -1.697e-05 0.00011131
0.0 -1.423e-05 0.00010514 1.04131 0.0 -1.737e-05 0.00011223
0.0 -1.3889999999999999e-05 0.00010436 1.04024 0.0 -1.7780000000000003e-05 0.00011314
0.0 -1.2460000000000001e-05 0.00010115 0.96074 0.0 -1.9800000000000004e-05 0.00011771
0.0 -1.039e-05 0.00010952000000000001 0.98803 0.0 -1.093e-05 0.00011140999999999999
0.0 -1.0120000000000001e-05 0.00010859 1.02692 0.0 -1.12e-05 0.00011237
0.0 -9.849999999999999e-06 0.00010766000000000001 1.05896 0.0 -1.148e-05 0.00011333
0.0 -9.620000000000001e-06 0.00010684 1.03952 0.0 -1.176e-05 0.00011429
0.0 -9.41e-06 0.00010614 0.9943 0.0 -1.2030000000000002e-05 0.00011526
0.0 -8.580000000000001e-06 0.00010323 0.84265 0.0 -1.341e-05 0.00012006
0.0 -5.4400000000000004e-06 0.00011062 0.99466 0.0 -5.73e-06 0.00011255999999999999
0.0 -5.3e-06 0.00010965999999999999 1.0272 0.0 -5.8700000000000005e-06 0.00011355
0.0 -5.1799999999999995e-06 0.00010882 0.99112 0.0 -6.02e-06 0.00011454000000000001
0.0 -5.05e-06 0.00010798 0.98181 0.0 -6.17e-06 0.00011553
0.0 -4.96e-06 0.00010738 0.90727 0.0 -6.31e-06 0.00011652
0.0 -4.59e-06 0.00010487 0.70135 0.0 -7.04e-06 0.00012146
0.0 0.0 0.00011103000000000001 0.97886 0.0 0.0 0.00011300000000000001
0.0 0.0 0.00011018 0.90979 0.0 0.0 0.000114
0.0 0.0 0.00010945 0.83751 0.0 0.0 0.000115
0.0 0.0 0.00010885 0.76465 0.0 0.0 0.00011600000000000001
0.0 0.0 0.00010824000000000001 0.72419 0.0 0.0 0.00011700000000000001
0.0 0.0 0.00010606 0.54509 0.0 0.0 0.000122
-2.2399999999999997e-06 0.0 0.00011092 0.91054 -2.61e-06 0.0 0.00011274000000000001
-2.0699999999999997e-06 0.0 0.00011009 0.84074 -2.81e-06 0.0 0.00011372
-1.9200000000000003e-06 0.0 0.00010938000000000001 0.78322 -3.01e-06 0.0 0.0001147
-1.8e-06 0.0 0.00010879 0.72626 -3.21e-06 0.0 0.00011568
-1.68e-06 0.0 0.00010818999999999999 0.68958 -3.41e-06 0.0 0.00011665
-1.24e-06 0.0 0.00010606 0.52637 -4.42e-06 0.0 0.00012155000000000001
-1.68e-06 0.0 0.00011101999999999999 0.9018 -1.96e-06 0.0 0.00011285
-1.56e-06 0.0 0.00011018 0.83747 -2.12e-06 0.0 0.00011384
-1.4499999999999999e-06 0.0 0.00010947 0.78358 -2.27e-06 0.0 0.00011483000000000001
-1.34e-06 0.0 0.00010875 0.75556 -2.4199999999999997e-06 0.0 0.00011582000000000001
-1.26e-06 0.0 0.00010827 0.69022 -2.57e-06 0.0 0.00011681
-9.300000000000001e-07 0.0 0.00010611 0.52815 -3.32e-06 0.0 0.00012175
-1.1199999999999999e-06 0.0 0.00011109 0.88285 -1.31e-06 0.0 0.00011293
-1.04e-06 0.0 0.00011025 0.83249 -1.41e-06 0.0 0.00011393
-9.600000000000001e-07 0.0 0.00010953 0.78451 -1.5100000000000002e-06 0.0 0.00011491999999999999
-8.9e-07 0.0 0.0001088 0.76084 -1.61e-06 0.0 0.00011592
-8.3e-07 0.0 0.0001082 0.72139 -1.71e-06 0.0 0.00011691
-6.1e-07 0.0 0.00010603 0.54366 -2.2200000000000003e-06 0.0 0.00012189
-5.599999999999999e-07 0.0 0.00011101999999999999 0.96333 -6.57e-07 0.0 0.00011298
-5.100000000000001e-07 0.0 0.00011017000000000001 0.90287 -7.07e-07 0.0 0.00011398
-4.800000000000001e-07 0.0 0.00010944 0.83505 -7.58e-07 0.0 0.00011498
-4.5e-07 0.0 0.00010884000000000001 0.76373 -8.08e-07 0.0 0.00011598
-4.2e-07 0.0 0.00010823000000000001 0.72366 -8.59e-07 0.0 0.00011698000000000001
-3.1e-07 0.0 0.00010605 0.54501 -1.1100000000000002e-06 0.0 0.00012197
2.2399999999999997e-06 0.0 0.00011092 0.91054 2.61e-06 0.0 0.00011274000000000001
2.0699999999999997e-06 0.0 0.00011009 0.84074 2.81e-06 0.0 0.00011372
1.9200000000000003e-06 0.0 0.00010938000000000001 0.78322 3.01e-06 0.0 0.0001147
1.8e-06 0.0 0.00010879 0.72626 3.21e-06 0.0 0.00011568
1.68e-06 0.0 0.00010818999999999999 0.68958 3.41e-06 0.0 0.00011665
1.24e-06 0.0 0.00010606 0.52637 4.42e-06 0.0 0.00012155000000000001
1.68e-06 0.0 0.00011101999999999999 0.9018 1.96e-06 0.0 0.00011285
1.56e-06 0.0 0.00011018 0.83747 2.12e-06 0.0 0.00011384
1.4499999999999999e-06 0.0 0.00010947 0.78358 2.27e-06 0.0 0.00011483000000000001
1.34e-06 0.0 0.00010875 0.75556 2.4199999999999997e-06 0.0 0.00011582000000000001
1.26e-06 0.0 0.00010827 0.69022 2.57e-06 0.0 0.00011681
9.300000000000001e-07 0.0 0.00010611 0.52815 3.32e-06 0.0 0.00012175
1.1199999999999999e-06 0.0 0.00011109 0.88285 1.31e-06 0.0 0.00011293
1.04e-06 0.0 0.00011025 0.83249 1.41e-06 0.0 0.00011393
9.600000000000001e-07 0.0 0.00010953 0.78451 1.5100000000000002e-06 0.0 0.00011491999999999999
8.9e-07 0.0 0.0001088 0.76084 1.61e-06 0.0 0.00011592
8.3e-07 0.0 0.0001082 0.72139 1.71e-06 0.0 0.00011691
6.1e-07 0.0 0.00010603 0.54366 2.2200000000000003e-06 0.0 0.00012189
5.599999999999999e-07 0.0 0.00011101999999999999 0.96333 6.57e-07 0.0 0.00011298
5.100000000000001e-07 0.0 0.00011017000000000001 0.90287 7.07e-07 0.0 0.00011398
4.800000000000001e-07 0.0 0.00010944 0.83505 7.58e-07 0.0 0.00011498
4.5e-07 0.0 0.00010884000000000001 0.76373 8.08e-07 0.0 0.00011598
4.2e-07 0.0 0.00010823000000000001 0.72366 8.59e-07 0.0 0.00011698000000000001
3.1e-07 0.0 0.00010605 0.54501 1.1100000000000002e-06 0.0 0.00012197
-0.0 2.146e-05 0.00010433000000000001 1.02263 -0.0 2.2530000000000003e-05 0.00010601
-0.0 2.0920000000000003e-05 0.00010352 1.03995 -0.0 2.306e-05 0.00010686
-0.0 2.04e-05 0.00010271 1.07069 -0.0 2.36e-05 0.0001077
-0.0 1.988e-05 0.00010189 1.098 -0.0 2.4140000000000003e-05 0.00010855
-0.0 1.7330000000000002e-05 9.791e-05 1.06037 -0.0 2.736e-05 0.00011361
-0.0 1.5360000000000002e-05 0.00010768 0.99414 -0.0 1.616e-05 0.00010948
-0.0 1.4959999999999999e-05 0.00010680000000000001 1.02586 -0.0 1.6559999999999997e-05 0.0001104
-0.0 1.458e-05 0.00010591000000000001 1.06056 -0.0 1.697e-05 0.00011131
-0.0 1.423e-05 0.00010514 1.04131 -0.0 1.737e-05 0.00011223
-0.0 1.3889999999999999e-05 0.00010436 1.04024 -0.0 1.7780000000000003e-05 0.00011314
-0.0 1.2460000000000001e-05 0.00010115 0.96074 -0.0 1.9800000000000004e-05 0.00011771
-0.0 1.039e-05 0.00010952000000000001 0.98803 -0.0 1.093e-05 0.00011140999999999999
-0.0 1.0120000000000001e-05 0.00010859 1.02692 -0.0 1.12e-05 0.00011237
-0.0 9.849999999999999e-06 0.00010766000000000001 1.05896 -0.0 1.148e-05 0.00011333
-0.0 9.620000000000001e-06 0.00010684 1.03952 -0.0 1.176e-05 0.00011429
-0.0 9.41e-06 0.00010614 0.9943 -0.0 1.2030000000000002e-05 0.00011526
-0.0 8.580000000000001e-06 0.00010323 0.84265 -0.0 1.341e-05 0.00012006
-0.0 5.4400000000000004e-06 0.00011062 0.99466 -0.0 5.73e-06 0.00011255999999999999
-0.0 5.3e-06 0.00010965999999999999 1.0272 -0.0 5.8700000000000005e-06 0.00011355
-0.0 5.1799999999999995e-06 0.00010882 0.99112 -0.0 6.02e-06 0.00011454000000000001
-0.0 5.05e-06 0.00010798 0.98181 -0.0 6.17e-06 0.00011553
-0.0 4.96e-06 0.00010738 0.90727 -0.0 6.31e-06 0.00011652
-0.0 4.59e-06 0.00010487 0.70135 -0.0 7.04e-06 0.00012146
