0.1     4.88
0.12    5.13
0.15    5.56
0.17    5.85
0.2     6.25
0.25    6.84
0.3     7.32
0.35    7.72
0.4     8.06
0.45    8.33
0.5     8.61
0.6     8.96
0.7     9.25
0.8     9.48
0.9     9.66
1.0     9.85
1.2     10.2
1.5     11.2
1.7     13.3
2.0     25.7
2.5     28.5
3.0     21.0
3.5     14.6
4.0     13.2
4.5     12.3
5.0     11.8
6.0     11.4
7.0     11.4
8.0     11.5
9.0     11.7
10      12.0
12      12.4
15      13.2
17      13.5
20      13.7
25      13.5
30      13.0
35      12.4
40      12.0
45      11.6
50      11.3
60      10.7
70      10.2
80      9.72
90      9.30
100     8.94
120     8.33
150     7.48
170     7.02
200     6.43
250     5.66
300     5.04
350     4.54
400     4.15
450     3.82
500     3.55
600     3.14
700     2.79
800     2.55
900     2.32
1000    2.13
1100    1.85
1200    1.60
1300    1.40
1400    1.15
1500    0.95
1600    0.75
1700 	0.593
1800 	0.567
1900 	0.543
2000 	0.521
2100 	0.501
2200 	0.483
2300 	0.466
2400 	0.450
2500 	0.435
2600 	0.422
2700 	0.409
2800 	0.397
2900 	0.386
3000 	0.375
4000 	0.295
5000 	0.245