0.1     0.0
16      0.0211
16.5    0.0466
17      0.0713
17.5    0.0985
18      0.129
18.5    0.164
19      0.199
19.5    0.230
20      0.270
20.5    0.308
21      0.344
21.5    0.380
22      0.418
22.5    0.455
23      0.492
23.5    0.528
24      0.565
24.5    0.603
25      0.640
30      0.962
35      1.25
40      1.54
45      1.77
50      1.91
55      2.05
60      2.16
65      2.22
70      2.30
75      2.36
80      2.40
85      2.43
90      2.47
95      2.50
100     2.51
110     2.50
120     2.48
140     2.45
160     2.36
180     2.28
200     2.19
225     2.08
250     1.98
275     1.89
300     1.82
350     1.68
400     1.56
450     1.45
500     1.36
550     1.28
600     1.20
650     1.12
700     1.07
750     1.01
800     0.971
850     0.936
900     0.907
950     0.879
1000    0.847