-0.03128	0	0.10444	-0.01106	0	0.09902	0.00904	0.011	0	0.099	0.00122	-0.00472	0	0.09048	0.20272	0	0	0	0	0	0	0	0
-0.0506	0	0.10961	-0.01103	0	0.09901	0.00346	0.011	0	0.099	9.11361E-4	-0.00245	0	0.08905	0.13233	0	0	0	0	0	0	0	0
-0.06992	0	0.11479	-0.01102	0	0.09901	0.00196	0.011	0	0.099	7.42821E-4	-0.00249	0	0.08895	0.08333	0	0	0	0	0	0	0	0
-0.08924	0	0.11996	-0.011	0	0.099	0.00134	0.011	0	0.099	5.93009E-4	-0.00125	0	0.08845	0.06463	0	0	0	0	0	0	0	0
-0.10856	0	0.12514	-0.011	0	0.099	9.73783E-4	0.011	0	0.099	5.05618E-4	-0.00126	0	0.08843	0.04945	0	0	0	0	0	0	0	0
-0.02919	0	0.1095	-0.01107	0	0.09904	0.00907	0.011	0	0.099	0.00151	-0.00536	0	0.09195	0.1632	0	0	0	0	0	0	0	0
-0.04651	0	0.1195	-0.01103	0	0.09902	0.00353	0.011	0	0.099	0.00113	-0.00331	0	0.09024	0.113	0	0	0	0	0	0	0	0
-0.06383	0	0.1295	-0.011	0	0.099	0.00209	0.011	0	0.099	8.67665E-4	-0.00223	0	0.08945	0.08343	0	0	0	0	0	0	0	0
-0.08115	0	0.1395	-0.011	0	0.099	0.00142	0.011	0	0.099	6.99126E-4	-0.00112	0	0.08871	0.06646	0	0	0	0	0	0	0	0
-0.09847	0	0.1495	-0.011	0	0.099	0.00105	0.011	0	0.099	5.99251E-4	-0.00113	0	0.08871	0.05243	0	0	0	0	0	0	0	0
-0.02585	0	0.11385	-0.01108	0	0.09908	0.00848	0.011	0	0.099	0.00185	-0.00565	0	0.09365	0.13274	0	0	0	0	0	0	0	0
-0.03999	0	0.12799	-0.011	0	0.099	0.00374	0.011	0	0.099	0.00132	-0.00283	0	0.09083	0.11261	0	0	0	0	0	0	0	0
-0.05413	0	0.14213	-0.011	0	0.099	0.00214	0.011	0	0.099	0.00101	-0.00188	0	0.08988	0.08416	0	0	0	0	0	0	0	0
-0.06828	0	0.15628	-0.011	0	0.099	0.00147	0.011	0	0.099	8.11486E-4	-9.4E-4	0	0.08894	0.06853	0	0	0	0	0	0	0	0
-0.08242	0	0.17042	-0.011	0	0.099	0.0011	0.011	0	0.099	6.92884E-4	-9.4E-4	0	0.08894	0.05476	0	0	0	0	0	0	0	0
-0.0215	0	0.11719	-0.01101	0	0.09902	0.00975	0.011	0	0.099	0.00204	-0.00316	0	0.09229	0.18283	0	0	0	0	0	0	0	0
-0.0315	0	0.13451	-0.011	0	0.099	0.00375	0.011	0	0.099	0.00153	-0.00149	0	0.09021	0.12677	0	0	0	0	0	0	0	0
-0.0415	0	0.15183	-0.011	0	0.099	0.00214	0.011	0	0.099	0.00118	-0.00145	0	0.09023	0.08537	0	0	0	0	0	0	0	0
-0.0515	0	0.16915	-0.011	0	0.099	0.00148	0.011	0	0.099	9.3633E-4	-7.1E-4	0	0.08912	0.07023	0	0	0	0	0	0	0	0
-0.0615	0	0.18647	-0.011	0	0.099	0.00112	0.011	0	0.099	7.86517E-4	-7.1E-4	0	0.08913	0.05674	0	0	0	0	0	0	0	0
-0.01644	0	0.11928	-0.01101	0	0.09902	0.00931	0.011	0	0.099	0.00253	-0.00248	0	0.09272	0.18377	0	0	0	0	0	0	0	0
-0.02161	0	0.1386	-0.011	0	0.099	0.00359	0.011	0	0.099	0.00187	-0.00105	0	0.09045	0.12948	0	0	0	0	0	0	0	0
-0.02679	0	0.15792	-0.011	0	0.099	0.00212	0.011	0	0.099	0.00138	-4.8E-4	0	0.08924	0.09614	0	0	0	0	0	0	0	0
-0.03196	0	0.17724	-0.011	0	0.099	0.00145	0.011	0	0.099	0.00108	-4.5E-4	0	0.08925	0.07238	0	0	0	0	0	0	0	0
-0.03714	0	0.19656	-0.011	0	0.099	0.0011	0.011	0	0.099	8.92634E-4	-4.3E-4	0	0.08926	0.0584	0	0	0	0	0	0	0	0
-0.032	0	0.076	-0.011	0	0.099	0.00322	0.011	0	0.099	5.6804E-4	-0.00291	0	0.076	0.3746	0	0	0	0	0	0	0	0
-0.052	0	0.076	-0.011	0	0.099	0.00235	0.0109	0	0.09896	7.1161E-4	-0.00194	0	0.076	0.15245	0	0	0	0	0	0	0	0
-0.072	0	0.076	-0.011	0	0.099	0.00157	0.01089	0	0.09897	6.11735E-4	-0.00145	0	0.076	0.0876	0	0	0	0	0	0	0	0
-0.092	0	0.076	-0.011	0	0.099	0.00109	0.01089	0	0.09898	5.1186E-4	-0.00109	0	0.076	0.057	0	0	0	0	0	0	0	0
-0.112	0	0.076	-0.011	0	0.099	7.99001E-4	0.011	0	0.099	3.87016E-4	-8.5E-4	0	0.076	0.04065	0	0	0	0	0	0	0	0
-0.032	0	0.08	-0.011	0	0.099	0.00394	0.011	0	0.099	5.49313E-4	-0.00291	0	0.08	0.37822	0	0	0	0	0	0	0	0
-0.052	0	0.08	-0.011	0	0.099	0.00256	0.011	0	0.099	6.36704E-4	-0.00194	0	0.08	0.15709	0	0	0	0	0	0	0	0
-0.072	0	0.08	-0.011	0	0.099	0.00163	0.011	0	0.099	5.49313E-4	-0.00145	0	0.08	0.09174	0	0	0	0	0	0	0	0
-0.092	0	0.08	-0.011	0	0.099	0.00112	0.011	0	0.099	4.61923E-4	-0.00121	0	0.08	0.06066	0	0	0	0	0	0	0	0
-0.112	0	0.08	-0.011	0	0.099	8.17728E-4	0.011	0	0.099	3.87016E-4	-9.7E-4	0	0.08	0.04382	0	0	0	0	0	0	0	0
-0.032	0	0.084	-0.011	0	0.099	0.00479	0.011	0	0.099	5.18102E-4	-0.00315	0	0.084	0.36634	0	0	0	0	0	0	0	0
-0.052	0	0.084	-0.011	0	0.099	0.00272	0.011	0	0.099	6.30462E-4	-0.00218	0	0.084	0.156	0	0	0	0	0	0	0	0
-0.072	0	0.084	-0.011	0	0.099	0.00169	0.011	0	0.099	5.43071E-4	-0.0017	0	0.084	0.09303	0	0	0	0	0	0	0	0
-0.092	0	0.084	-0.011	0	0.099	0.00114	0.011	0	0.099	4.5568E-4	-0.00133	0	0.084	0.06311	0	0	0	0	0	0	0	0
-0.112	0	0.084	-0.011	0	0.099	8.17728E-4	0.011	0	0.099	3.80774E-4	-0.00109	0	0.084	0.04558	0	0	0	0	0	0	0	0
-0.032	0	0.088	-0.0111	0	0.09895	0.00542	0.011	0	0.099	5.86767E-4	-0.00388	0	0.088	0.31153	0	0	0	0	0	0	0	0
-0.052	0	0.088	-0.011	0	0.099	0.00282	0.011	0	0.099	6.49189E-4	-0.00279	0	0.088	0.13924	0	0	0	0	0	0	0	0
-0.072	0	0.088	-0.011	0	0.099	0.00168	0.011	0	0.099	5.49313E-4	-0.00218	0	0.088	0.08506	0	0	0	0	0	0	0	0
-0.092	0	0.088	-0.011	0	0.099	0.00112	0.011	0	0.099	4.5568E-4	-0.00182	0	0.088	0.05855	0	0	0	0	0	0	0	0
-0.112	0	0.088	-0.011	0	0.099	8.11486E-4	0.011	0	0.099	3.80774E-4	-0.00145	0	0.088	0.04356	0	0	0	0	0	0	0	0
-0.032	0	0.092	-0.0111	0	0.09897	0.00612	0.01089	0	0.09898	0.001	-0.00581	0	0.092	0.1904	0	0	0	0	0	0	0	0
-0.052	0	0.092	-0.011	0	0.099	0.00287	0.01089	0	0.09899	8.86392E-4	-0.00484	0	0.092	0.08712	0	0	0	0	0	0	0	0
-0.072	0	0.092	-0.011	0	0.099	0.00166	0.01089	0	0.09899	7.05368E-4	-0.00424	0	0.092	0.05379	0	0	0	0	0	0	0	0
-0.092	0	0.092	-0.011	0	0.099	0.00109	0.01089	0	0.09899	5.6804E-4	-0.00375	0	0.092	0.03751	0	0	0	0	0	0	0	0
-0.112	0	0.092	-0.011	0	0.099	7.92759E-4	0.011	0	0.099	4.30712E-4	-0.00339	0	0.092	0.02825	0	0	0	0	0	0	0	0
-0.032	0	0.096	-0.01111	0	0.09898	0.00607	0.01089	0	0.09899	0.00135	-0.00836	0	0.096	0.06576	0	0	0	0	0	0	0	0
-0.052	0	0.096	-0.01111	0	0.09899	0.00238	0.01089	0	0.09899	0.00106	-0.00799	0	0.096	0.02823	0	0	0	0	0	0	0	0
-0.072	0	0.096	-0.01111	0	0.09899	0.00135	0.01089	0	0.099	8.2397E-4	-0.00775	0	0.096	0.0169	0	0	0	0	0	0	0	0
-0.092	0	0.096	-0.01111	0	0.099	8.98876E-4	0.01089	0	0.099	6.55431E-4	-0.00751	0	0.096	0.0116	0	0	0	0	0	0	0	0
-0.112	0	0.096	-0.01111	0	0.099	6.49189E-4	0.01089	0	0.099	5.36829E-4	-0.00739	0	0.096	0.00853	0	0	0	0	0	0	0	0
-0.032	0	0.099	-0.011	0	0.099	0.00962	0.011	0	0.099	0.00137	-0.00848	0	0.099	0.00412	0	0	0	0	0	0	0	0
-0.052	0	0.099	-0.011	0	0.099	0.00363	0.011	0	0.099	0.00104	-0.00836	0	0.099	0.00185	0	0	0	0	0	0	0	0
-0.072	0	0.099	-0.011	0	0.099	0.00203	0.011	0	0.099	7.92759E-4	-0.00824	0	0.099	0.0011	0	0	0	0	0	0	0	0
-0.092	0	0.099	-0.011	0	0.099	0.00134	0.011	0	0.099	6.30462E-4	-0.00824	0	0.099	7.55306E-4	0	0	0	0	0	0	0	0
-0.112	0	0.099	-0.011	0	0.099	9.61298E-4	0.011	0	0.099	5.1186E-4	-0.00811	0	0.099	5.55556E-4	0	0	0	0	0	0	0	0
-0.011	0	0.12	-0.011	0	0.099	0.00941	0.011	0	0.099	0.00368	-0.011	0	0.09636	0.00458	0	0	0	0	0	0	0	0
-0.008	0	0.12	-0.011	0	0.099	0.00797	0.011	0	0.099	0.00308	-0.008	0	0.09563	0.06691	0	0	0	0	0	0	0	0
-0.005	0	0.12	-0.011	0	0.099	0.00898	0.011	0	0.099	0.00245	-0.005	0	0.09297	0.14451	0	0	0	0	0	0	0	0
-0.002	0	0.12	-0.011	0	0.099	0.00922	0.011	0	0.099	0.00182	-0.002	0	0.0903	0.19885	0	0	0	0	0	0	0	0
0	0	0.12	-0.011	0	0.099	0.00909	0.011	0	0.099	0.00152	0	0	0.08909	0.19172	0	0	0	0	0	0	0	0
-0.011	0	0.14	-0.011	0	0.099	0.00363	0.011	0	0.099	0.00271	-0.011	0	0.09624	0.00213	0	0	0	0	0	0	0	0
-0.008	0	0.14	-0.011	0	0.099	0.00297	0.011	0	0.099	0.00248	-0.008	0	0.09527	0.03147	0	0	0	0	0	0	0	0
-0.005	0	0.14	-0.011	0	0.099	0.0033	0.011	0	0.099	0.0022	-0.005	0	0.0926	0.07862	0	0	0	0	0	0	0	0
-0.002	0	0.14	-0.011	0	0.099	0.00349	0.011	0	0.099	0.00187	-0.002	0	0.09042	0.12246	0	0	0	0	0	0	0	0
0	0	0.14	-0.011	0	0.099	0.0036	0.011	0	0.099	0.00168	0	0	0.0897	0.1289	0	0	0	0	0	0	0	0
-0.011	0	0.16	-0.011	0	0.099	0.00217	0.011	0	0.099	0.00191	-0.011	0	0.09624	0.00135	0	0	0	0	0	0	0	0
-0.008	0	0.16	-0.011	0	0.099	0.00175	0.011	0	0.099	0.00182	-0.008	0	0.09502	0.02015	0	0	0	0	0	0	0	0
-0.005	0	0.16	-0.011	0	0.099	0.00191	0.011	0	0.099	0.00168	-0.005	0	0.09224	0.05275	0	0	0	0	0	0	0	0
-0.002	0	0.16	-0.011	0	0.099	0.00201	0.011	0	0.099	0.0015	-0.002	0	0.09006	0.08637	0	0	0	0	0	0	0	0
0	0	0.16	-0.011	0	0.099	0.00208	0.011	0	0.099	0.00139	0	0	0.08945	0.09327	0	0	0	0	0	0	0	0
-0.011	0	0.18	-0.011	0	0.099	0.00155	0.011	0	0.099	0.00145	-0.011	0	0.09611	9.86267E-4	0	0	0	0	0	0	0	0
-0.008	0	0.18	-0.011	0	0.099	0.00123	0.011	0	0.099	0.00139	-0.008	0	0.0949	0.01471	0	0	0	0	0	0	0	0
-0.005	0	0.18	-0.011	0	0.099	0.00132	0.011	0	0.099	0.00132	-0.005	0	0.09212	0.03927	0	0	0	0	0	0	0	0
-0.002	0	0.18	-0.011	0	0.099	0.00139	0.011	0	0.099	0.0012	-0.002	0	0.08982	0.06645	0	0	0	0	0	0	0	0
0	0	0.18	-0.011	0	0.099	0.00144	0.011	0	0.099	0.00113	0	0	0.08933	0.07237	0	0	0	0	0	0	0	0
-0.011	0	0.2	-0.011	0	0.099	0.00119	0.011	0	0.099	0.00116	-0.011	0	0.09611	7.74032E-4	0	0	0	0	0	0	0	0
-0.008	0	0.2	-0.011	0	0.099	9.61298E-4	0.011	0	0.099	0.00113	-0.008	0	0.09478	0.01175	0	0	0	0	0	0	0	0
-0.005	0	0.2	-0.011	0	0.099	0.00102	0.011	0	0.099	0.00108	-0.005	0	0.092	0.0317	0	0	0	0	0	0	0	0
-0.002	0	0.2	-0.011	0	0.099	0.00107	0.011	0	0.099	9.92509E-4	-0.002	0	0.0897	0.05415	0	0	0	0	0	0	0	0
0	0	0.2	-0.011	0	0.099	0.0011	0.011	0	0.099	9.42572E-4	0	0	0.08909	0.05996	0	0	0	0	0	0	0	0
-0.01293	0	0.09952	-0.0115	0	0.09914	0.33235	0.011	0	0.099	4.68165E-4	-0.00895	0	0.09598	0.20298	-0.00907	-0.00292	0.09752	0.35479	-0.00907	0.00292	0.09752	0.35479
-0.0139	0	0.09978	-0.01136	0	0.0991	0.17139	0.011	0	0.099	7.42821E-4	-0.00915	0	0.09575	0.27849	-0.00921	-0.0031	0.0975	0.18524	-0.00921	0.0031	0.0975	0.18524
-0.01486	0	0.10004	-0.01128	0	0.09908	0.10864	0.011	0	0.099	9.73783E-4	-0.00932	0	0.09555	0.24059	-0.00932	-0.00326	0.09748	0.20129	-0.00932	0.00326	0.09748	0.20129
-0.01583	0	0.10029	-0.01123	0	0.09906	0.07708	0.011	0	0.099	0.00115	-0.00947	0	0.09535	0.19172	-0.00941	-0.0034	0.09745	0.19476	-0.00941	0.0034	0.09745	0.19476
-0.0168	0	0.10055	-0.01119	0	0.09905	0.05908	0.011	0	0.099	0.00128	-0.00961	0	0.09518	0.15031	-0.00948	-0.00353	0.09743	0.1987	-0.00948	0.00353	0.09743	0.1987
-0.02163	0	0.10185	-0.01112	0	0.09903	0.02348	0.011	0	0.099	0.00137	-0.00785	0	0.09303	0.18106	-0.00951	-0.00402	0.09727	0.13243	-0.00951	0.00402	0.09727	0.13243
-0.01273	0	0.1	-0.01148	0	0.09928	0.30998	0.011	0	0.099	5.43071E-4	-0.00872	0	0.09622	0.11155	-0.00613	-0.00514	0.096	-0.24448	-0.00613	0.00514	0.096	-0.24448
-0.0136	0	0.1005	-0.01135	0	0.0992	0.16488	0.011	0	0.099	8.36454E-4	-0.00883	0	0.09611	0.2275	-0.00907	-0.00312	0.09777	0.16163	-0.00907	0.00312	0.09777	0.16163
-0.01446	0	0.101	-0.01129	0	0.09917	0.10299	0.011	0	0.099	0.00107	-0.00892	0	0.09602	0.23004	-0.00915	-0.00328	0.09781	0.13189	-0.00915	0.00328	0.09781	0.13189
-0.01533	0	0.1015	-0.01125	0	0.09915	0.0714	0.011	0	0.099	0.00125	-0.009	0	0.09592	0.2071	-0.00922	-0.00342	0.09785	0.13998	-0.00922	0.00342	0.09785	0.13998
-0.0162	0	0.102	-0.01123	0	0.09913	0.05342	0.011	0	0.099	0.00139	-0.00907	0	0.09584	0.17952	-0.00927	-0.00354	0.09787	0.12557	-0.00927	0.00354	0.09787	0.12557
-0.02053	0	0.1045	-0.01115	0	0.09908	0.02175	0.011	0	0.099	0.00163	-0.00831	0	0.09468	0.14187	-0.00941	-0.00397	0.09794	0.10109	-0.00941	0.00397	0.09794	0.10109
-0.01241	0	0.10041	-0.01139	0	0.09939	0.31044	0.011	0	0.099	5.99251E-4	-0.00848	0	0.09648	0.05369	-0.00884	-0.00292	0.0979	0.22848	-0.00884	0.00292	0.0979	0.22848
-0.01312	0	0.10112	-0.01129	0	0.09929	0.16212	0.011	0	0.099	9.17603E-4	-0.00848	0	0.09648	0.19996	-0.0089	-0.00311	0.09803	0.15994	-0.0089	0.00311	0.09803	0.15994
-0.01383	0	0.10183	-0.01125	0	0.09925	0.09951	0.011	0	0.099	0.00118	-0.00848	0	0.09648	0.22168	-0.00894	-0.00327	0.09813	0.14375	-0.00894	0.00327	0.09813	0.14375
-0.01454	0	0.10254	-0.01122	0	0.09922	0.06875	0.011	0	0.099	0.00139	-0.00848	0	0.09648	0.20861	-0.00897	-0.00341	0.09821	0.1181	-0.00897	0.00341	0.09821	0.1181
-0.01524	0	0.10324	-0.01121	0	0.09921	0.05013	0.011	0	0.099	0.00155	-0.00848	0	0.09648	0.18981	-0.00899	-0.00353	0.09827	0.10649	-0.00899	0.00353	0.09827	0.10649
-0.01878	0	0.10678	-0.01118	0	0.09918	0.01752	0.011	0	0.099	0.00193	-0.00848	0	0.09648	0.11464	-0.0075	-0.00458	0.09717	0.10545	-0.0075	0.00458	0.09717	0.10545
-0.012	0	0.10073	-0.01128	0	0.09948	0.3074	0.011	0	0.099	5.86767E-4	-0.00822	0	0.09672	0.09368	-0.0087	-0.00289	0.09807	0.13373	-0.0087	0.00289	0.09807	0.13373
-0.0125	0	0.1016	-0.0112	0	0.09935	0.163	0.011	0	0.099	9.61298E-4	-0.00811	0	0.09683	0.20961	-0.00869	-0.00307	0.09825	0.1725	-0.00869	0.00307	0.09825	0.1725
-0.013	0	0.10246	-0.01116	0	0.09928	0.10381	0.011	0	0.099	0.00129	-0.00802	0	0.09692	0.20971	-0.00868	-0.00323	0.0984	0.13416	-0.00868	0.00323	0.0984	0.13416
-0.0135	0	0.10333	-0.01114	0	0.09924	0.07189	0.011	0	0.099	0.00154	-0.00792	0	0.097	0.18921	-0.00866	-0.00337	0.09852	0.13037	-0.00866	0.00337	0.09852	0.13037
-0.014	0	0.1042	-0.01112	0	0.09922	0.05377	0.011	0	0.099	0.00175	-0.00784	0	0.09707	0.16366	-0.00865	-0.0035	0.09862	0.11392	-0.00865	0.0035	0.09862	0.11392
-0.0165	0	0.10853	-0.01106	0	0.09911	0.02312	0.011	0	0.099	0.00211	-0.00584	0	0.09527	0.1774	-0.00753	-0.00445	0.0977	0.18123	-0.00753	0.00445	0.0977	0.18123
-0.01152	0	0.10093	-0.01114	0	0.0995	0.32666	0.011	0	0.099	5.05618E-4	-0.00798	0	0.09695	0.16948	-0.00613	-0.00514	0.096	-0.42366	-0.00613	0.00514	0.096	-0.42366
-0.01178	0	0.1019	-0.01109	0	0.09935	0.17133	0.011	0	0.099	9.67541E-4	-0.00775	0	0.09715	0.24237	-0.00846	-0.00302	0.09844	0.1645	-0.00846	0.00302	0.09844	0.1645
-0.01204	0	0.10286	-0.01107	0	0.09927	0.10801	0.011	0	0.099	0.00136	-0.00755	0	0.09732	0.21111	-0.00839	-0.00317	0.09863	0.13845	-0.00839	0.00317	0.09863	0.13845
-0.01229	0	0.10383	-0.01106	0	0.09921	0.0776	0.011	0	0.099	0.00169	-0.00735	0	0.09747	0.16633	-0.00832	-0.00331	0.09879	0.14488	-0.00832	0.00331	0.09879	0.14488
-0.01255	0	0.1048	-0.01105	0	0.09917	0.05933	0.011	0	0.099	0.00195	-0.00718	0	0.09761	0.12967	-0.00747	-0.00407	0.09784	0.22932	-0.00747	0.00407	0.09784	0.22932
-0.01385	0	0.10963	-0.01102	0	0.09908	0.02404	0.011	0	0.099	0.00238	-0.00431	0	0.09473	0.21619	-0.00692	-0.00462	0.09739	0.19775	-0.00692	0.00462	0.09739	0.19775
-0.013	0	0.076	-0.01101	0	0.09889	3.99501E-4	0.01029	0	0.09832	1.18602E-4	-0.01102	0	0.076	1.00436	0	0	0	0	0	0	0	0
-0.014	0	0.076	-0.01103	0	0.09878	7.30337E-4	0.01027	0	0.09833	-1.81024E-4	-0.00993	0	0.076	1.1284	0	0	0	0	0	0	0	0
-0.015	0	0.076	-0.01104	0	0.09878	9.98752E-4	0.01026	0	0.09834	-3.62047E-4	-0.00884	0	0.076	1.19511	0	0	0	0	0	0	0	0
-0.016	0	0.076	-0.01102	0	0.09889	0.00123	0.01025	0	0.09836	-4.05743E-4	-0.00787	0	0.076	1.192	0	0	0	0	0	0	0	0
-0.017	0	0.076	-0.01103	0	0.09889	0.00147	0.01024	0	0.09837	-4.74407E-4	-0.0069	0	0.076	1.19607	0	0	0	0	0	0	0	0
-0.022	0	0.076	-0.01105	0	0.0989	0.00262	0.011	0	0.099	2.18477E-4	-0.00448	0	0.076	0.79711	0	0	0	0	0	0	0	0
-0.013	0	0.08	-0.01101	0	0.09889	5.74282E-4	0.01022	0	0.09839	8.11486E-5	-0.01102	0	0.08	1.00436	0	0	0	0	0	0	0	0
-0.014	0	0.08	-0.01103	0	0.09878	0.00104	0.01021	0	0.0984	-3.62047E-4	-0.00993	0	0.08	1.12873	0	0	0	0	0	0	0	0
-0.015	0	0.08	-0.01105	0	0.09878	0.0014	0.0102	0	0.09842	-6.61673E-4	-0.00884	0	0.08	1.19521	0	0	0	0	0	0	0	0
-0.016	0	0.08	-0.01103	0	0.09889	0.00172	0.01019	0	0.09843	-7.86517E-4	-0.00787	0	0.08	1.19107	0	0	0	0	0	0	0	0
-0.017	0	0.08	-0.01103	0	0.0989	0.00209	0.01018	0	0.09844	-8.11486E-4	-0.00702	0	0.08	1.1535	0	0	0	0	0	0	0	0
-0.022	0	0.08	-0.01106	0	0.0989	0.00352	0.011	0	0.099	1.37328E-4	-0.00448	0	0.08	0.79622	0	0	0	0	0	0	0	0
-0.013	0	0.084	-0.01101	0	0.09889	8.92634E-4	0.011	0	0.099	1.87266E-5	-0.01102	0	0.084	1.00406	0	0	0	0	0	0	0	0
-0.014	0	0.084	-0.01104	0	0.09878	0.00157	0.01015	0	0.09849	-5.36829E-4	-0.00993	0	0.084	1.12846	0	0	0	0	0	0	0	0
-0.015	0	0.084	-0.01103	0	0.09889	0.00212	0.01014	0	0.09851	-7.24095E-4	-0.00896	0	0.084	1.12676	0	0	0	0	0	0	0	0
-0.016	0	0.084	-0.01103	0	0.0989	0.00254	0.01013	0	0.09852	-0.00117	-0.00787	0	0.084	1.18933	0	0	0	0	0	0	0	0
-0.017	0	0.084	-0.01104	0	0.0989	0.00308	0.01013	0	0.09853	-0.00126	-0.00702	0	0.084	1.15037	0	0	0	0	0	0	0	0
-0.022	0	0.084	-0.01107	0	0.09891	0.00495	0.0101	0	0.09859	-4.80649E-4	-0.00472	0	0.084	0.75491	0	0	0	0	0	0	0	0
-0.013	0	0.088	-0.01104	0	0.09878	0.00162	0.0108	0	0.09891	2.49688E-5	-0.01102	0	0.088	1.00386	0	0	0	0	0	0	0	0
-0.014	0	0.088	-0.01106	0	0.09879	0.00257	0.01009	0	0.0986	-5.6804E-4	-0.00993	0	0.088	1.12833	0	0	0	0	0	0	0	0
-0.015	0	0.088	-0.01108	0	0.09879	0.00353	0.01009	0	0.09861	-7.80275E-4	-0.00896	0	0.088	1.12518	0	0	0	0	0	0	0	0
-0.016	0	0.088	-0.01105	0	0.0989	0.00425	0.01008	0	0.09863	-0.00107	-0.00799	0	0.088	1.13245	0	0	0	0	0	0	0	0
-0.017	0	0.088	-0.01105	0	0.0989	0.00519	0.01008	0	0.09864	-0.00106	-0.00727	0	0.088	1.05794	0	0	0	0	0	0	0	0
-0.022	0	0.088	-0.01108	0	0.09892	0.0073	0.011	0	0.099	1.49813E-4	-0.00533	0	0.088	0.64571	0	0	0	0	0	0	0	0
-0.013	0	0.092	-0.01109	0	0.09868	0.00341	0.01005	0	0.09872	1.24844E-4	-0.01102	0	0.092	1.00479	0	0	0	0	0	0	0	0
-0.014	0	0.092	-0.01113	0	0.0987	0.00449	0.01005	0	0.09873	-2.62172E-4	-0.00993	0	0.092	1.12574	0	0	0	0	0	0	0	0
-0.015	0	0.092	-0.01111	0	0.09881	0.00695	0.01004	0	0.09874	-2.05993E-4	-0.00908	0	0.092	1.04941	0	0	0	0	0	0	0	0
-0.016	0	0.092	-0.01113	0	0.09882	0.00932	0.01089	0	0.09897	6.2422E-5	-0.00848	0	0.092	0.91531	0	0	0	0	0	0	0	0
-0.017	0	0.092	-0.01114	0	0.09883	0.01069	0.01089	0	0.09897	1.87266E-4	-0.00799	0	0.092	0.79731	0	0	0	0	0	0	0	0
-0.022	0	0.092	-0.01109	0	0.09894	0.01109	0.01089	0	0.09898	6.92884E-4	-0.00678	0	0.092	0.41346	0	0	0	0	0	0	0	0
-0.013	0	0.096	-0.01131	0	0.09854	0.00853	0.01002	0	0.09888	3.55805E-4	-0.01102	0	0.096	1.00292	0	0	0	0	0	0	0	0
-0.014	0	0.096	-0.01131	0	0.09869	0.01856	0.01002	0	0.09888	6.74157E-4	-0.01029	0	0.096	0.8197	0	0	0	0	0	0	0	0
-0.015	0	0.096	-0.01126	0	0.0988	0.02606	0.01067	0	0.09896	7.86517E-4	-0.00993	0	0.096	0.58049	0	0	0	0	0	0	0	0
-0.016	0	0.096	-0.01119	0	0.09889	0.02795	0.01078	0	0.09898	9.3633E-4	-0.00969	0	0.096	0.42919	0	0	0	0	0	0	0	0
-0.017	0	0.096	-0.0112	0	0.0989	0.02464	0.01089	0	0.09899	9.92509E-4	-0.00945	0	0.096	0.34488	0	0	0	0	0	0	0	0
-0.022	0	0.096	-0.01111	0	0.09897	0.01445	0.01089	0	0.09899	0.00129	-0.00896	0	0.096	0.1462	0	0	0	0	0	0	0	0
-0.013	0	0.097	-0.01147	0	0.09853	0.00911	0.01001	0	0.09892	4.61923E-4	-0.01102	0	0.097	0.99653	0	0	0	0	0	0	0	0
-0.014	0	0.097	-0.01137	0	0.09876	0.03194	0.01067	0	0.09897	7.30337E-4	-0.01054	0	0.097	0.61927	0	0	0	0	0	0	0	0
-0.015	0	0.097	-0.0113	0	0.09885	0.03527	0.01089	0	0.09899	8.92634E-4	-0.01029	0	0.097	0.39866	0	0	0	0	0	0	0	0
-0.016	0	0.097	-0.01131	0	0.09888	0.0282	0.01089	0	0.09899	0.00105	-0.01005	0	0.097	0.30072	0	0	0	0	0	0	0	0
-0.017	0	0.097	-0.01121	0	0.09893	0.02733	0.011	0	0.099	0.00107	-0.00993	0	0.097	0.22378	0	0	0	0	0	0	0	0
-0.022	0	0.097	-0.01122	0	0.09896	0.01234	0.011	0	0.099	0.00127	-0.00957	0	0.097	0.09447	0	0	0	0	0	0	0	0
-0.013	0	0.098	-0.01149	0	0.09875	0.03396	0.01001	0	0.09896	6.55431E-4	-0.01114	0	0.098	0.77749	0	0	0	0	0	0	0	0
-0.014	0	0.098	-0.01142	0	0.09886	0.04024	0.011	0	0.099	7.92759E-4	-0.01078	0	0.098	0.41317	0	0	0	0	0	0	0	0
-0.015	0	0.098	-0.01132	0	0.09892	0.03797	0.011	0	0.099	0.001	-0.01066	0	0.098	0.23539	0	0	0	0	0	0	0	0
-0.016	0	0.098	-0.01132	0	0.09894	0.0279	0.011	0	0.099	0.00113	-0.01054	0	0.098	0.16596	0	0	0	0	0	0	0	0
-0.017	0	0.098	-0.01133	0	0.09895	0.02137	0.011	0	0.099	0.00122	-0.01042	0	0.098	0.12892	0	0	0	0	0	0	0	0
-0.022	0	0.098	-0.01122	0	0.09898	0.01129	0.011	0	0.099	0.00137	-0.01005	0	0.098	0.05248	0	0	0	0	0	0	0	0
-0.013	0	0.099	-0.01155	0	0.099	0.64242	0.011	0	0.099	7.49064E-4	-0.01163	0	0.099	-0.26728	0	0	0	0	0	0	0	0
-0.014	0	0.099	-0.01144	0	0.099	0.46685	0.011	0	0.099	0.00104	-0.01151	0	0.099	-0.27488	0	0	0	0	0	0	0	0
-0.015	0	0.099	-0.01144	0	0.099	-0.24759	0.011	0	0.099	0.00119	-0.01138	0	0.099	0.36824	0	0	0	0	0	0	0	0
-0.016	0	0.099	-0.01122	0	0.099	0.07836	0.011	0	0.099	0.00128	-0.00908	0	0.099	0.0176	0	0	0	0	0	0	0	0
-0.017	0	0.099	-0.01111	0	0.099	0.06522	0.011	0	0.099	0.00134	-0.00872	0	0.099	0.01397	0	0	0	0	0	0	0	0
-0.022	0	0.099	-0.01111	0	0.099	0.02337	0.011	0	0.099	0.00144	-0.00884	0	0.099	0.0087	0	0	0	0	0	0	0	0
-0.011	0	0.101	-0.011	0	0.09955	0.62863	0.011	0	0.099	6.05493E-4	-0.011	0	0.09963	-0.26195	0	0	0	0	0	0	0	0
-0.009	0	0.101	-0.01053	0	0.09947	0.00562	0.011	0	0.099	3.18352E-4	-0.009	0	0.09902	0.96365	0	0	0	0	0	0	0	0
-0.007	0	0.101	-0.01061	0	0.0992	0.00335	0.011	0	0.099	4.05743E-4	-0.007	0	0.09902	0.96797	0	0	0	0	0	0	0	0
-0.005	0	0.101	-0.0109	0	0.09903	0.00223	0.011	0	0.099	4.93134E-4	-0.005	0	0.09902	0.96859	0	0	0	0	0	0	0	0
-0.003	0	0.101	-0.011	0	0.099	0.00148	0.011	0	0.099	6.17978E-4	-0.003	0	0.09902	0.96843	0	0	0	0	0	0	0	0
-0.001	0	0.101	-0.011	0	0.099	0.00107	0.011	0	0.099	7.92759E-4	-0.001	0	0.09902	0.96899	0	0	0	0	0	0	0	0
0	0	0.101	-0.011	0	0.099	9.17603E-4	0.011	0	0.099	9.17603E-4	0	0	0.09902	0.96873	0	0	0	0	0	0	0	0
-0.011	0	0.102	-0.011	0	0.09944	0.46114	0.011	0	0.099	0.00116	-0.011	0	0.09951	-0.2743	0	0	0	0	0	0	0	0
-0.009	0	0.102	-0.01076	0	0.09937	0.02905	0.011	0	0.099	9.48814E-4	-0.009	0	0.09854	0.58348	0	0	0	0	0	0	0	0
-0.007	0	0.102	-0.01074	0	0.0992	0.00976	0.011	0	0.099	8.86392E-4	-0.007	0	0.09817	0.86479	0	0	0	0	0	0	0	0
-0.005	0	0.102	-0.0108	0	0.0991	0.00453	0.011	0	0.099	9.73783E-4	-0.005	0	0.09805	0.95956	0	0	0	0	0	0	0	0
-0.003	0	0.102	-0.0109	0	0.09904	0.0031	0.011	0	0.099	0.00122	-0.003	0	0.09805	0.96112	0	0	0	0	0	0	0	0
-0.001	0	0.102	-0.011	0	0.099	0.00212	0.011	0	0.099	0.00157	-0.001	0	0.09805	0.961	0	0	0	0	0	0	0	0
0	0	0.102	-0.011	0	0.099	0.00182	0.011	0	0.099	0.00182	0	0	0.09805	0.96122	0	0	0	0	0	0	0	0
-0.011	0	0.103	-0.011	0	0.09922	0.11592	0.011	0	0.099	0.00155	-0.011	0	0.09684	0.0188	0	0	0	0	0	0	0	0
-0.009	0	0.103	-0.01085	0	0.0993	0.03305	0.011	0	0.099	0.00152	-0.009	0	0.09829	0.36766	0	0	0	0	0	0	0	0
-0.007	0	0.103	-0.01084	0	0.09916	0.01614	0.011	0	0.099	0.00145	-0.007	0	0.09757	0.70194	0	0	0	0	0	0	0	0
-0.005	0	0.103	-0.01082	0	0.09912	0.00726	0.011	0	0.099	0.00153	-0.005	0	0.0972	0.88898	0	0	0	0	0	0	0	0
-0.003	0	0.103	-0.0109	0	0.09905	0.00445	0.011	0	0.099	0.00179	-0.003	0	0.09708	0.95499	0	0	0	0	0	0	0	0
-0.001	0	0.103	-0.011	0	0.099	0.00308	0.011	0	0.099	0.0023	-0.001	0	0.09708	0.95758	0	0	0	0	0	0	0	0
0	0	0.103	-0.011	0	0.099	0.00265	0.011	0	0.099	0.00265	0	0	0.09708	0.95823	0	0	0	0	0	0	0	0
-0.011	0	0.104	-0.011	0	0.09922	0.07478	0.011	0	0.099	0.00191	-0.011	0	0.09708	0.01831	0	0	0	0	0	0	0	0
-0.009	0	0.104	-0.01092	0	0.0992	0.03133	0.011	0	0.099	0.00197	-0.009	0	0.09805	0.26891	0	0	0	0	0	0	0	0
-0.007	0	0.104	-0.01086	0	0.09917	0.01881	0.011	0	0.099	0.00204	-0.007	0	0.0972	0.54104	0	0	0	0	0	0	0	0
-0.005	0	0.104	-0.01092	0	0.09907	0.01089	0.011	0	0.099	0.00223	-0.005	0	0.09672	0.72287	0	0	0	0	0	0	0	0
-0.003	0	0.104	-0.01091	0	0.09906	0.0063	0.011	0	0.099	0.00252	-0.003	0	0.09636	0.85975	0	0	0	0	0	0	0	0
-0.001	0	0.104	-0.011	0	0.099	0.00416	0.011	0	0.099	0.00311	-0.001	0	0.09624	0.90876	0	0	0	0	0	0	0	0
0	0	0.104	-0.011	0	0.099	0.00358	0.011	0	0.099	0.00358	0	0	0.09624	0.90941	0	0	0	0	0	0	0	0
-0.011	0	0.105	-0.011	0	0.09911	0.06225	0.011	0	0.099	0.0022	-0.011	0	0.09672	0.01465	0	0	0	0	0	0	0	0
-0.009	0	0.105	-0.01093	0	0.09921	0.02613	0.011	0	0.099	0.00237	-0.009	0	0.09793	0.20078	0	0	0	0	0	0	0	0
-0.007	0	0.105	-0.01088	0	0.09918	0.01877	0.011	0	0.099	0.00256	-0.007	0	0.09696	0.42337	0	0	0	0	0	0	0	0
-0.005	0	0.105	-0.01092	0	0.09908	0.01237	0.011	0	0.099	0.00282	-0.005	0	0.09624	0.62155	0	0	0	0	0	0	0	0
-0.003	0	0.105	-0.01091	0	0.09907	0.00773	0.011	0	0.099	0.00322	-0.003	0	0.09575	0.76576	0	0	0	0	0	0	0	0
-0.001	0	0.105	-0.011	0	0.099	0.00519	0.011	0	0.099	0.00391	-0.001	0	0.09551	0.84137	0	0	0	0	0	0	0	0
0	0	0.105	-0.011	0	0.099	0.00449	0.011	0	0.099	0.00449	0	0	0.09551	0.84255	0	0	0	0	0	0	0	0
-0.011	0	0.11	-0.011	0	0.09911	0.02212	0.011	0	0.099	0.00322	-0.011	0	0.09684	0.00929	0	0	0	0	0	0	0	0
-0.009	0	0.11	-0.01098	0	0.09911	0.01372	0.011	0	0.099	0.00361	-0.009	0	0.09733	0.08901	0	0	0	0	0	0	0	0
-0.007	0	0.11	-0.01096	0	0.0991	0.01327	0.011	0	0.099	0.00409	-0.007	0	0.09624	0.18663	0	0	0	0	0	0	0	0
-0.005	0	0.11	-0.01095	0	0.0991	0.01132	0.011	0	0.099	0.00467	-0.005	0	0.09515	0.30072	0	0	0	0	0	0	0	0
-0.003	0	0.11	-0.01094	0	0.09909	0.00916	0.011	0	0.099	0.00536	-0.003	0	0.09418	0.41552	0	0	0	0	0	0	0	0
-0.001	0	0.11	-0.011	0	0.099	0.00763	0.011	0	0.099	0.00629	-0.001	0	0.09369	0.48191	0	0	0	0	0	0	0	0
0	0	0.11	-0.011	0	0.099	0.00689	0.011	0	0.099	0.00689	0	0	0.09357	0.49675	0	0	0	0	0	0	0	0